appName,executorCount,executorMem,overheadMem
BasicRDDRunner-2018-12-17T05:09:59.1545023399Z,3,1,3072m,2048m
BasicRDDRunner-2018-12-17T05:44:17.1545025457Z,3,2,3072m,2048m
BasicRDDRunner-2018-12-17T06:05:22.1545026722Z,4,1,3072m,2048m
BasicRDDRunner-2018-12-17T06:34:07.1545028447Z,4,2,3072m,2048m
