appName,executorCount,executorMem,overheadMem
CacheDatasetRunner-2018-12-17T18:14:05.1545070445Z,3,1,3072m,2048m
CacheDatasetRunner-2018-12-17T18:27:09.1545071229Z,3,2,3072m,2048m
CacheDatasetRunner-2018-12-17T18:40:02.1545072002Z,4,1,3072m,2048m
CacheDatasetRunner-2018-12-17T18:56:34.1545072994Z,4,2,3072m,2048m
