appName,executorCount,executorMem,overheadMem
KMeansRDDRunner-2018-12-17T16:29:22.1545064162Z,3,1,3072m,2048m
KMeansRDDRunner-2018-12-17T16:56:47.1545065807Z,3,2,3072m,2048m
KMeansRDDRunner-2018-12-17T17:02:55.1545066175Z,4,1,3072m,2048m
KMeansRDDRunner-2018-12-17T17:08:51.1545066531Z,4,2,3072m,2048m
