appName,executorCount,executorMem,overheadMem
MapPartitionsRDDRunner-2018-12-16T21:50:49.1544997049Z,3,1,3072m,2048m
MapPartitionsRDDRunner-2018-12-16T22:25:59.1544999159Z,3,2,3072m,2048m
MapPartitionsRDDRunner-2018-12-16T22:49:15.1545000555Z,4,1,3072m,2048m
MapPartitionsRDDRunner-2018-12-16T23:19:00.1545002340Z,4,2,3072m,2048m
