appName,executorCount,executorMem,overheadMem
PartitionDatasetRunner-2018-12-17T08:53:12.1545036792Z,4,1,3072m,2048m
PartitionDatasetRunner-2018-12-17T09:05:50.1545037550Z,4,1,3072m,2048m
PartitionDatasetRunner-2018-12-17T09:18:32.1545038312Z,4,1,3072m,2048m
PartitionDatasetRunner-2018-12-17T09:32:32.1545039152Z,4,1,3072m,2048m
PartitionDatasetRunner-2018-12-17T09:47:35.1545040055Z,4,2,3072m,2048m
PartitionDatasetRunner-2018-12-17T10:01:08.1545040868Z,4,2,3072m,2048m
PartitionDatasetRunner-2018-12-17T10:15:50.1545041750Z,4,2,3072m,2048m
PartitionDatasetRunner-2018-12-17T10:30:05.1545042605Z,4,2,3072m,2048m
