appName,executorCount,executorMem,overheadMem,partition
PartitionRDDRunner-2018-12-17T10:43:04.1545043384Z,4,1,3072m,2048m
PartitionRDDRunner-2018-12-17T11:09:30.1545044970Z,4,1,3072m,2048m
PartitionRDDRunner-2018-12-17T11:33:20.1545046400Z,4,1,3072m,2048m
PartitionRDDRunner-2018-12-17T12:19:39.1545049179Z,4,1,3072m,2048m
PartitionRDDRunner-2018-12-17T12:52:58.1545051178Z,4,2,3072m,2048m
PartitionRDDRunner-2018-12-17T13:13:43.1545052423Z,4,2,3072m,2048m
PartitionRDDRunner-2018-12-17T13:32:55.1545053575Z,4,2,3072m,2048m
PartitionRDDRunner-2018-12-17T14:08:54.1545055734Z,4,2,3072m,2048m
