appName,threadCount,executorMem,overheadMem
CacheRDDRunner-2018-12-09T17:59:11.1544378351Z,1,512m,384m
CacheRDDRunner-2018-12-09T18:16:10.1544379370Z,1,1024m,384m
CacheRDDRunner-2018-12-09T18:27:14.1544380034Z,1,1024m,768m
CacheRDDRunner-2018-12-09T18:39:01.1544380741Z,1,2048m,768m
CacheRDDRunner-2018-12-09T18:50:00.1544381400Z,2,512m,384m
CacheRDDRunner-2018-12-09T19:02:32.1544382152Z,2,1024m,384m
CacheRDDRunner-2018-12-09T19:10:54.1544382654Z,2,1024m,768m
CacheRDDRunner-2018-12-09T19:18:32.1544383112Z,2,2048m,768m
CacheRDDRunner-2018-12-09T19:25:45.1544383545Z,3,512m,384m
CacheRDDRunner-2018-12-09T19:37:30.1544384250Z,3,1024m,384m
CacheRDDRunner-2018-12-09T19:44:57.1544384697Z,3,1024m,768m
CacheRDDRunner-2018-12-09T19:50:11.1544385011Z,3,2048m,768m
CacheRDDRunner-2018-12-09T19:56:51.1544385411Z,4,512m,384m
CacheRDDRunner-2018-12-09T20:09:15.1544386155Z,4,1024m,384m
CacheRDDRunner-2018-12-09T20:16:29.1544386589Z,4,1024m,768m
CacheRDDRunner-2018-12-09T20:21:57.1544386917Z,4,2048m,768m
