appName,threadCount,executorMem,overheadMem
KMeansRDDRunner-2018-12-09T13:52:31.1544363551Z,1,512m,384m
KMeansRDDRunner-2018-12-09T14:02:22.1544364142Z,1,1024m,384m
KMeansRDDRunner-2018-12-09T14:13:16.1544364796Z,1,1024m,768m
KMeansRDDRunner-2018-12-09T14:27:03.1544365623Z,1,2048m,768m
KMeansRDDRunner-2018-12-09T14:38:33.1544366313Z,2,512m,384m
KMeansRDDRunner-2018-12-09T14:53:59.1544367239Z,2,1024m,384m
KMeansRDDRunner-2018-12-09T15:01:26.1544367686Z,2,1024m,768m
KMeansRDDRunner-2018-12-09T15:08:45.1544368125Z,2,2048m,768m
KMeansRDDRunner-2018-12-09T15:15:35.1544368535Z,3,512m,384m
KMeansRDDRunner-2018-12-09T15:30:40.1544369440Z,3,1024m,384m
KMeansRDDRunner-2018-12-09T15:41:01.1544370061Z,3,1024m,768m
KMeansRDDRunner-2018-12-09T15:48:14.1544370494Z,3,2048m,768m
KMeansRDDRunner-2018-12-09T15:54:52.1544370892Z,4,512m,384m
KMeansRDDRunner-2018-12-09T16:07:10.1544371630Z,4,1024m,384m
KMeansRDDRunner-2018-12-09T16:12:40.1544371960Z,4,1024m,768m
KMeansRDDRunner-2018-12-09T16:20:50.1544372450Z,4,2048m,768m
